8 0.656738 0.459961 0.020508 0.033203
6 0.625977 0.468750 0.023438 0.041016
8 0.580566 0.599609 0.020508 0.041016
1 0.607910 0.522461 0.034180 0.062500
4 0.495117 0.584473 0.027344 0.061523
3 0.031250 0.399414 0.033203 0.027344
3 0.101074 0.567383 0.055664 0.048828
3 0.062988 0.666016 0.045898 0.044922
5 0.103027 0.838379 0.016602 0.024414
7 0.105469 0.898926 0.027344 0.041992
7 0.132812 0.646973 0.019531 0.022461
1 0.262207 0.779785 0.061523 0.020508
1 0.616211 0.872559 0.062500 0.034180
1 0.778809 0.697266 0.045898 0.064453
0 0.748535 0.699707 0.018555 0.047852
6 0.884766 0.504883 0.025391 0.046875
8 0.978027 0.328613 0.043945 0.040039
5 0.958496 0.373047 0.034180 0.044922
5 0.390625 0.574707 0.056641 0.030273
