1 0.037598 0.715332 0.026367 0.061523
3 0.167480 0.742676 0.055664 0.036133
1 0.185059 0.945801 0.026367 0.063477
6 0.357422 0.734863 0.050781 0.020508
1 0.552734 0.679688 0.025391 0.060547
0 0.599609 0.641113 0.029297 0.034180
0 0.610352 0.602051 0.019531 0.038086
0 0.611328 0.546387 0.017578 0.041992
0 0.616699 0.495605 0.020508 0.040039
6 0.617188 0.440430 0.017578 0.037109
0 0.618164 0.376465 0.019531 0.036133
0 0.619141 0.324219 0.017578 0.035156
0 0.454590 0.047363 0.040039 0.016602
6 0.178711 0.076660 0.042969 0.018555
