3 0.493164 0.141602 0.033203 0.031250
1 0.744629 0.095703 0.030273 0.054688
1 0.765625 0.275879 0.058594 0.034180
6 0.766113 0.610352 0.047852 0.015625
6 0.914551 0.644531 0.018555 0.039062
3 0.856445 0.781738 0.023438 0.030273
3 0.825195 0.664062 0.031250 0.037109
5 0.915039 0.694336 0.019531 0.044922
3 0.815430 0.825195 0.031250 0.023438
0 0.973633 0.852539 0.019531 0.041016
6 0.933105 0.891113 0.016602 0.049805
0 0.881836 0.927246 0.023438 0.032227
6 0.766113 0.366211 0.043945 0.015625
3 0.794434 0.489258 0.030273 0.035156
