0 0.134766 0.035645 0.048828 0.028320
6 0.246094 0.391602 0.050781 0.029297
0 0.266602 0.433594 0.048828 0.029297
6 0.449219 0.360840 0.042969 0.014648
0 0.496582 0.360840 0.038086 0.014648
6 0.630859 -0.003906 0.017578 0.042969
6 0.832520 0.045410 0.049805 0.018555
0 0.824707 0.190918 0.022461 0.038086
6 0.846191 0.208008 0.016602 0.048828
5 0.818848 0.247559 0.024414 0.059570
4 0.845703 0.271484 0.023438 0.046875
5 0.587891 0.613770 0.060547 0.040039
6 0.604004 0.633789 0.047852 0.029297
0 0.654785 0.797852 0.045898 0.027344
5 0.713867 0.774902 0.060547 0.038086
0 0.706543 0.823730 0.041992 0.026367
6 0.024902 0.627441 0.030273 0.057617
