7 0.066895 0.747070 0.045898 0.097656
7 0.104980 0.737793 0.043945 0.073242
7 0.300781 0.456055 0.029297 0.037109
2 0.714844 0.156250 0.052734 0.074219
0 0.454102 0.598633 0.041016 0.023438
1 0.436523 0.729492 0.048828 0.042969
2 0.445801 0.649414 0.096680 0.066406
2 0.508789 0.693848 0.076172 0.061523
2 0.554688 0.642578 0.085938 0.068359
2 0.616211 0.680664 0.087891 0.062500
2 0.663086 0.630859 0.095703 0.080078
2 0.719727 0.668945 0.091797 0.068359
2 0.765137 0.608887 0.092773 0.079102
2 0.811523 0.992188 0.078125 0.054688
