6 0.163574 0.114746 0.043945 0.043945
0 0.228027 0.112305 0.040039 0.029297
0 0.267090 0.144043 0.036133 0.028320
0 0.393555 0.139648 0.037109 0.041016
6 0.465820 0.239746 0.046875 0.036133
4 0.413574 0.275879 0.069336 0.030273
6 0.471191 0.268066 0.051758 0.018555
0 0.507812 0.252930 0.033203 0.025391
4 0.712402 0.446289 0.067383 0.068359
0 0.568848 0.559082 0.020508 0.036133
0 0.586426 0.583008 0.016602 0.039062
6 0.647949 0.675293 0.057617 0.028320
4 0.707520 0.652344 0.067383 0.041016
4 0.895020 0.875977 0.045898 0.064453
4 0.308594 0.697266 0.062500 0.027344
6 0.238770 0.695312 0.034180 0.035156
0 0.272949 0.701660 0.038086 0.018555
4 0.977539 0.787598 0.082031 0.053711
0 0.285156 0.843262 0.027344 0.043945
