0 0.508789 0.522461 0.023438 0.029297
4 0.655273 0.383789 0.025391 0.066406
0 0.804199 0.258301 0.034180 0.018555
0 0.840820 0.261230 0.039062 0.014648
6 0.835938 0.320801 0.041016 0.014648
7 0.868164 0.161133 0.017578 0.035156
3 0.936035 0.133301 0.026367 0.018555
0 0.987305 0.124512 0.019531 0.026367
0 0.988281 0.087891 0.017578 0.033203
0 0.953125 0.461426 0.031250 0.036133
6 0.981445 0.511230 0.027344 0.036133
6 0.874023 0.511719 0.015625 0.041016
4 0.910645 0.032227 0.018555 0.046875
0 0.883301 0.020508 0.020508 0.035156
