0 0.246582 0.125977 0.038086 0.035156
0 0.205078 0.172363 0.035156 0.034180
6 0.232422 0.338867 0.041016 0.033203
0 0.344727 0.351562 0.033203 0.031250
0 0.685547 0.064453 0.035156 0.031250
6 0.695312 0.188965 0.039062 0.040039
0 0.672852 0.632324 0.037109 0.038086
0 0.781738 0.642578 0.034180 0.037109
6 0.708496 0.702148 0.043945 0.029297
4 0.537598 0.566895 0.032227 0.049805
6 0.551758 0.657715 0.025391 0.041992
8 0.507324 0.657227 0.028320 0.044922
4 0.278809 0.559082 0.028320 0.057617
6 0.247559 0.656250 0.024414 0.041016
6 0.190430 0.873535 0.015625 0.040039
