1 0.347656 0.126465 0.070312 0.036133
4 0.251465 0.104004 0.071289 0.036133
4 0.165527 0.162598 0.038086 0.063477
1 0.194824 0.344727 0.057617 0.058594
0 0.083496 0.350586 0.038086 0.031250
4 0.594238 0.712402 0.024414 0.038086
4 0.625000 0.719238 0.035156 0.043945
6 0.632812 0.670898 0.021484 0.039062
0 0.705566 0.645996 0.018555 0.036133
4 0.704102 0.687500 0.025391 0.035156
4 0.764648 0.675781 0.064453 0.037109
0 0.781250 0.635742 0.041016 0.025391
0 0.802734 0.625000 0.041016 0.029297
4 0.492676 0.568848 0.084961 0.020508
