4 0.229492 0.093262 0.080078 0.024414
8 0.350586 0.064453 0.019531 0.044922
6 0.301270 0.048828 0.018555 0.044922
4 0.399414 0.076172 0.025391 0.050781
0 0.334473 0.315430 0.018555 0.035156
0 0.304688 0.479980 0.037109 0.014648
6 0.824219 0.231445 0.044922 0.029297
4 0.787109 0.270996 0.068359 0.024414
3 0.789062 0.125977 0.029297 0.023438
3 0.807129 0.094727 0.032227 0.019531
0 0.958008 0.092773 0.017578 0.042969
6 0.767090 0.484863 0.047852 0.018555
0 0.961426 0.722656 0.018555 0.041016
0 0.467285 0.879395 0.018555 0.036133
