0 0.034668 0.216309 0.018555 0.036133
0 0.034180 0.264648 0.017578 0.042969
0 0.289062 0.272949 0.017578 0.036133
5 0.496582 0.290039 0.030273 0.068359
6 0.686035 0.354004 0.051758 0.020508
6 0.679688 0.400391 0.062500 0.017578
6 0.615234 0.536133 0.048828 0.019531
0 0.831543 0.540527 0.040039 0.045898
5 0.881836 0.416992 0.052734 0.015625
6 0.858887 0.492676 0.049805 0.016602
0 0.997070 0.077637 0.015625 0.026367
6 0.805176 0.696777 0.034180 0.043945
8 0.575684 0.755859 0.043945 0.039062
4 0.226562 0.545410 0.058594 0.024414
0 0.108887 0.494141 0.038086 0.019531
0 0.098633 0.658691 0.037109 0.032227
