2 0.430664 0.789551 0.093750 0.061523
7 0.742188 0.872559 0.015625 0.028320
0 0.717773 0.872559 0.019531 0.043945
0 0.682129 0.877441 0.018555 0.043945
1 0.504395 0.290527 0.051758 0.069336
6 0.571289 0.314941 0.033203 0.041992
1 0.611328 0.311035 0.039062 0.055664
0 0.693848 0.310059 0.038086 0.014648
0 0.700195 0.264160 0.039062 0.016602
6 0.970215 0.462402 0.020508 0.047852
0 0.953613 0.330078 0.040039 0.017578
0 0.844727 0.289062 0.039062 0.013672
0 0.844238 0.220703 0.047852 0.015625
0 0.980469 0.157715 0.037109 0.036133
6 1.003906 0.148926 0.042969 0.041992
2 0.429199 0.531250 0.088867 0.058594
